1000
1 2
1 3
3 4
2 5
4 6
6 7
6 8
8 9
9 10
8 11
1 12
6 13
8 14
6 15
15 16
14 17
17 18
17 19
18 20
9 21
10 22
9 23
8 24
14 25
13 26
11 27
8 28
8 29
25 30
7 31
27 32
8 33
25 34
25 35
1 36
10 37
17 38
16 39
19 40
33 41
28 42
21 43
40 44
24 45
13 46
44 47
14 48
47 49
27 50
28 51
24 52
41 53
28 54
44 55
32 56
18 57
52 58
32 59
55 60
3 61
40 62
7 63
21 64
20 65
4 66
15 67
40 68
4 69
5 70
16 71
23 72
49 73
22 74
39 75
61 76
76 77
23 78
57 79
33 80
67 81
49 82
40 83
75 84
80 85
51 86
40 87
18 88
10 89
42 90
28 91
86 92
2 93
77 94
74 95
81 96
50 97
48 98
13 99
92 100
13 101
71 102
46 103
74 104
92 105
67 106
87 107
1 108
82 109
93 110
36 111
73 112
21 113
16 114
104 115
2 116
3 117
99 118
88 119
13 120
79 121
54 122
72 123
4 124
88 125
121 126
78 127
8 128
96 129
73 130
81 131
106 132
10 133
94 134
34 135
31 136
68 137
74 138
8 139
99 140
39 141
63 142
49 143
16 144
14 145
86 146
96 147
5 148
31 149
82 150
9 151
85 152
74 153
94 154
112 155
134 156
77 157
95 158
6 159
137 160
151 161
142 162
56 163
155 164
138 165
147 166
15 167
90 168
135 169
47 170
61 171
1 172
28 173
43 174
101 175
6 176
15 177
160 178
79 179
33 180
4 181
21 182
156 183
73 184
121 185
136 186
6 187
174 188
4 189
96 190
74 191
54 192
4 193
101 194
37 195
54 196
100 197
10 198
51 199
107 200
78 201
118 202
120 203
13 204
94 205
108 206
5 207
172 208
183 209
41 210
135 211
187 212
190 213
199 214
53 215
63 216
130 217
10 218
16 219
115 220
118 221
164 222
164 223
171 224
157 225
128 226
100 227
30 228
36 229
148 230
122 231
222 232
96 233
115 234
139 235
92 236
147 237
156 238
105 239
15 240
66 241
104 242
41 243
53 244
110 245
161 246
61 247
79 248
213 249
161 250
98 251
20 252
220 253
115 254
254 255
108 256
163 257
34 258
197 259
185 260
215 261
167 262
48 263
48 264
19 265
138 266
95 267
193 268
187 269
74 270
233 271
97 272
15 273
124 274
233 275
195 276
5 277
268 278
92 279
98 280
118 281
269 282
85 283
132 284
182 285
271 286
226 287
36 288
283 289
32 290
280 291
113 292
194 293
62 294
185 295
282 296
185 297
123 298
156 299
29 300
3 301
174 302
258 303
184 304
295 305
87 306
190 307
135 308
268 309
217 310
130 311
300 312
194 313
70 314
197 315
68 316
124 317
312 318
300 319
37 320
141 321
259 322
10 323
267 324
126 325
62 326
205 327
82 328
112 329
55 330
168 331
87 332
144 333
304 334
298 335
170 336
61 337
50 338
263 339
334 340
54 341
336 342
56 343
202 344
33 345
102 346
201 347
236 348
251 349
118 350
25 351
264 352
57 353
239 354
177 355
248 356
282 357
131 358
199 359
119 360
145 361
139 362
161 363
269 364
162 365
58 366
56 367
316 368
109 369
229 370
364 371
166 372
241 373
105 374
70 375
192 376
317 377
165 378
245 379
155 380
138 381
46 382
99 383
337 384
75 385
285 386
143 387
64 388
80 389
38 390
324 391
72 392
74 393
35 394
136 395
23 396
348 397
308 398
35 399
79 400
246 401
228 402
84 403
215 404
396 405
48 406
353 407
344 408
349 409
370 410
19 411
315 412
179 413
295 414
291 415
241 416
76 417
357 418
172 419
260 420
149 421
295 422
191 423
340 424
354 425
11 426
155 427
372 428
175 429
85 430
72 431
341 432
19 433
144 434
50 435
275 436
380 437
341 438
416 439
254 440
242 441
295 442
114 443
12 444
97 445
208 446
222 447
137 448
141 449
304 450
366 451
254 452
329 453
342 454
53 455
362 456
439 457
188 458
83 459
252 460
420 461
239 462
459 463
228 464
295 465
58 466
370 467
74 468
278 469
256 470
214 471
313 472
244 473
81 474
180 475
368 476
244 477
337 478
231 479
12 480
299 481
220 482
407 483
92 484
197 485
447 486
78 487
469 488
10 489
128 490
47 491
183 492
10 493
84 494
461 495
196 496
434 497
203 498
404 499
242 500
198 501
103 502
244 503
285 504
274 505
417 506
459 507
372 508
57 509
169 510
233 511
464 512
63 513
159 514
171 515
18 516
464 517
128 518
279 519
378 520
471 521
195 522
514 523
461 524
267 525
80 526
422 527
402 528
337 529
401 530
44 531
408 532
211 533
78 534
237 535
427 536
252 537
508 538
373 539
496 540
441 541
65 542
25 543
518 544
306 545
503 546
152 547
211 548
416 549
92 550
186 551
290 552
230 553
338 554
63 555
244 556
407 557
117 558
355 559
498 560
236 561
262 562
177 563
368 564
43 565
456 566
499 567
490 568
61 569
83 570
565 571
466 572
552 573
167 574
337 575
200 576
332 577
67 578
139 579
398 580
252 581
487 582
464 583
1 584
510 585
168 586
468 587
505 588
460 589
108 590
155 591
463 592
42 593
481 594
168 595
331 596
274 597
595 598
302 599
226 600
262 601
113 602
108 603
403 604
477 605
80 606
517 607
50 608
93 609
494 610
365 611
29 612
200 613
541 614
475 615
150 616
386 617
101 618
414 619
481 620
178 621
260 622
599 623
446 624
154 625
70 626
65 627
25 628
525 629
261 630
381 631
49 632
64 633
364 634
605 635
432 636
587 637
150 638
77 639
339 640
280 641
597 642
524 643
490 644
323 645
577 646
367 647
489 648
464 649
435 650
467 651
278 652
229 653
150 654
444 655
41 656
634 657
483 658
456 659
504 660
442 661
545 662
448 663
326 664
400 665
140 666
544 667
232 668
620 669
246 670
516 671
29 672
23 673
239 674
224 675
149 676
536 677
343 678
394 679
502 680
523 681
271 682
331 683
146 684
57 685
546 686
302 687
274 688
478 689
194 690
660 691
29 692
471 693
506 694
37 695
415 696
92 697
266 698
595 699
228 700
23 701
482 702
599 703
692 704
94 705
79 706
583 707
568 708
36 709
421 710
618 711
446 712
257 713
467 714
470 715
457 716
220 717
431 718
371 719
557 720
414 721
489 722
567 723
493 724
125 725
711 726
170 727
384 728
682 729
513 730
186 731
334 732
99 733
580 734
453 735
574 736
625 737
649 738
117 739
609 740
473 741
97 742
164 743
671 744
716 745
97 746
48 747
441 748
728 749
365 750
533 751
577 752
626 753
487 754
679 755
333 756
397 757
72 758
19 759
26 760
408 761
241 762
685 763
349 764
115 765
632 766
302 767
308 768
498 769
517 770
321 771
348 772
285 773
294 774
97 775
648 776
322 777
340 778
300 779
696 780
479 781
85 782
734 783
208 784
136 785
440 786
267 787
472 788
31 789
785 790
135 791
769 792
774 793
730 794
150 795
168 796
342 797
572 798
306 799
44 800
534 801
114 802
149 803
431 804
625 805
773 806
636 807
85 808
374 809
286 810
604 811
323 812
183 813
563 814
226 815
699 816
328 817
401 818
218 819
157 820
142 821
416 822
460 823
754 824
707 825
812 826
128 827
781 828
535 829
634 830
103 831
477 832
368 833
11 834
480 835
372 836
741 837
102 838
411 839
626 840
677 841
106 842
398 843
11 844
9 845
449 846
789 847
312 848
539 849
531 850
406 851
55 852
227 853
256 854
91 855
102 856
548 857
429 858
600 859
503 860
739 861
249 862
120 863
233 864
571 865
620 866
717 867
114 868
93 869
22 870
799 871
196 872
211 873
187 874
768 875
796 876
718 877
789 878
772 879
630 880
237 881
47 882
860 883
22 884
589 885
307 886
233 887
115 888
785 889
696 890
704 891
533 892
305 893
29 894
63 895
411 896
638 897
175 898
632 899
871 900
770 901
892 902
804 903
777 904
331 905
810 906
614 907
902 908
275 909
806 910
190 911
530 912
195 913
15 914
352 915
250 916
36 917
64 918
512 919
266 920
179 921
441 922
487 923
453 924
507 925
618 926
250 927
498 928
53 929
658 930
224 931
491 932
724 933
34 934
718 935
732 936
644 937
696 938
366 939
478 940
622 941
846 942
906 943
94 944
71 945
303 946
812 947
487 948
611 949
230 950
19 951
587 952
591 953
497 954
391 955
496 956
407 957
486 958
890 959
283 960
321 961
928 962
750 963
87 964
98 965
219 966
836 967
856 968
264 969
269 970
248 971
820 972
35 973
56 974
229 975
171 976
427 977
647 978
392 979
46 980
905 981
415 982
128 983
870 984
93 985
337 986
937 987
388 988
340 989
898 990
585 991
192 992
40 993
825 994
905 995
995 996
577 997
43 998
904 999
822 1000
